#n_iters_item, n_sites_visited, n_iters_item/math.log(n_iters_item), pow(n_iters_item,0.667), n_excursions
1000
initializing mat
done initializing
1000 309 3.08289319721 1
2000 526 3.30520755695 1
3000 647 3.10216150091 1
4000 907 3.58949433984 1
5000 1132 3.8604100179 1
6000 1275 3.85020009831 1
7000 1463 3.98624450367 1
8000 1771 4.41425624264 1
9000 1944 4.47936556237 1
10000 2229 4.78751412684 1
11000 2432 4.90178941432 1
12000 2758 5.24542124295 1
13000 2869 5.1728553259 1
14000 2963 5.0846873235 1
15000 3174 5.20180481861 1
16000 3410 5.35311225386 1
17000 3588 5.40932411008 1
18000 3791 5.50157481866 1
19000 3949 5.52787841097 1
20000 4072 5.50834029377 1
21000 4344 5.68813043911 1
22000 4579 5.81265725509 1
23000 4838 5.96201957213 1
24000 5063 6.06466797248 1
25000 5251 6.1209105453 1
26000 5359 6.08550374393 1
27000 5505 6.09589801518 1
28000 5665 6.12273562435 1
29000 5913 6.24292926758 1
30000 5971 6.16321324298 1
31000 5998 6.05714836705 1
32000 6039 5.97076521591 1
33000 6090 5.89886551084 1
34000 6173 5.86137947628 1
35000 6384 5.94565208867 1
36000 6575 6.00955050167 1
37000 6785 6.08918686714 1
38000 6977 6.15110391645 1
39000 7023 6.08530815628 1
40000 7336 6.25007614554 1
41000 7606 6.37425581237 1
42000 7842 6.46724868623 1
43000 8047 6.53296815849 1
44000 8259 6.6030491641 1
45000 8459 6.66233211414 1
46000 8671 6.72991706794 1
47000 8905 6.81309826127 1
48000 9109 6.8719943973 1
49000 9234 6.87114454741 1
50000 9425 6.91939886485 1
51000 9645 6.98800045394 1
52000 9782 6.99605843481 1
53000 9973 7.04261283734 1
54000 10058 7.01463363743 1
55000 10058 6.92930563423 1
56000 10091 6.86898854548 1
57000 10097 6.79240898083 1
58000 10141 6.7433284106 1
59000 10212 6.71355443103 1
60000 10382 6.74922863666 1
61000 10551 6.78388727913 1
62000 10601 6.74250966427 1
63000 10613 6.67848596677 1
64000 10854 6.75877166336 1
65000 11041 6.80448405925 1
66000 11167 6.81240895457 1
67000 11240 6.78850930823 1
68000 11297 6.75584510931 1
69000 11591 6.86449451448 1
70000 11749 6.89160712153 1
71000 11929 6.93130037719 1
72000 12008 6.91241659428 1
73000 12262 6.99398930866 1
74000 12538 7.08680868021 1
75000 12867 7.20794457119 1
76000 13078 7.26170608432 1
77000 13309 7.32581777001 1
78000 13485 7.35908553523 1
79000 13596 7.35688362193 1
80000 13867 7.44083191663 1
81000 14020 7.46085339168 1
82000 14196 7.49293820832 1
83000 14371 7.52422721434 1
84000 14533 7.54850574208 1
85000 14593 7.52007477584 1
86000 14602 7.46623881459 1
87000 14602 7.40888753933 1
88000 14602 7.35262474969 1
89000 14655 7.32390476401 1
90000 14725 7.30424866187 1
91000 15019 7.3953785384 1
92000 15101 7.38174819833 1
93000 15143 7.34909388698 1
94000 15189 7.31901949172 1
95000 15198 7.27184805006 1
96000 15212 7.22788783335 1
97000 15222 7.1828197951 1
98000 15227 7.13619247628 1
99000 15237 7.09268696536 1
100000 15331 7.08876343907 1
101000 15449 7.09607205663 1
102000 15697 7.16275907727 1
103000 15866 7.19291653828 1
104000 16181 7.28860006494 1
105000 16446 7.36083399526 1
106000 16660 7.40962083673 1
107000 16950 7.49153344693 1
108000 17288 7.59365931653 1
109000 17445 7.61565917338 1
110000 17561 7.61974296964 1
111000 17756 7.65798849419 1
112000 17908 7.67747948416 1
113000 18041 7.68877734701 1
114000 18234 7.7254967582 1
115000 18397 7.74928348952 1
116000 18544 7.76622448507 1
117000 18648 7.76519365005 1
118000 18922 7.83468859516 1
119000 19220 7.91340804366 1
120000 19369 7.93036740286 1
121000 19651 8.00141532449 1
122000 19808 8.02118661219 1
123000 19926 8.02515476742 1
124000 20168 8.0788690488 1
125000 20416 8.1345152629 1
126000 20572 8.15322377191 1
127000 20657 8.1438575337 1
128000 20658 8.10175719213 1
129000 20670 8.06449431058 1
130000 20673 8.02422852542 1
131000 20673 7.98332023413 1
132000 20675 7.94369765475 1
133000 20675 7.90380967272 1
134000 20760 7.8967510835 1
135000 20869 7.89894364694 1
136000 20873 7.86166296233 1
137000 20873 7.82334089805 1
138000 20873 7.78548231421 1
139000 20873 7.74807830728 1
140000 20873 7.7111202072 1
141000 20956 7.70511706906 1
142000 20999 7.68461807293 1
143000 21119 7.69244169519 1
144000 21233 7.69810051669 1
145000 21397 7.72183343169 1
146000 21397 7.68651593518 1
147000 21406 7.65481781296 1
148000 21692 7.72209306948 1
149000 21971 7.78636185981 1
150000 22072 7.78733428018 1
151000 22326 7.84211662292 1
152000 22510 7.87201334829 1
153000 22676 7.89545684229 1
154000 22710 7.87301018772 1
155000 22772 7.8604956638 1
156000 22772 7.82685103272 1
157000 22819 7.80964944935 1
158000 23029 7.84821338904 1
159000 23221 7.88041404826 1
160000 23408 7.91072487111 1
161000 23441 7.88902396886 1
162000 23463 7.86388268371 1
163000 23568 7.86671827468 1
164000 23719 7.8848879932 1
165000 23888 7.90893487811 1
166000 24008 7.91669452858 1
167000 24108 7.91788694725 1
168000 24130 7.89361664537 1
169000 24165 7.87383604788 1
170000 24172 7.84518438087 1
171000 24182 7.81778659571 1
172000 24185 7.78840662701 1
173000 24214 7.76765248041 1
174000 24221 7.74008484006 1
175000 24243 7.71755943902 1
176000 24244 7.68860103775 1
177000 24281 7.67128999077 1
178000 24319 7.65447785937 1
179000 24354 7.63690397742 1
180000 24354 7.60857876409 1
181000 24372 7.58611741069 1
182000 24379 7.56046089746 1
183000 24379 7.53287933057 1
184000 24379 7.50554787355 1
185000 24379 7.47846291751 1
186000 24379 7.45162092476 1
187000 24379 7.42501842705 1
188000 24379 7.39865202385 1
189000 24413 7.38280041129 1
190000 24455 7.3695168354 1
191000 24513 7.36117613161 1
192000 24514 7.33588073759 1
193000 24514 7.31050631587 1
194000 24648 7.32517376715 1
195000 24730 7.32438274071 1
196000 24799 7.31980259689 1
197000 25002 7.3547138111 1
198000 25272 7.40907397548 1
199000 25377 7.41489964763 1
200000 25464 7.41548598615 1
201000 25591 7.42771935992 1
202000 25765 7.45350905442 1
203000 25781 7.43361221196 1
204000 25781 7.40928733467 1
205000 25800 7.39060311352 1
206000 25926 7.40263064419 1
207000 26161 7.44564148001 1
208000 26342 7.47309496277 1
209000 26631 7.53095238522 1
210000 26851 7.56902944948 1
211000 26999 7.58667152641 1
212000 27094 7.58939413305 1
213000 27099 7.56700584548 1
214000 27193 7.56956871662 1
215000 27230 7.55633473962 1
216000 27306 7.55400788599 1
217000 27308 7.53132261632 1
218000 27309 7.50853684485 1
219000 27365 7.50100107806 1
220000 27475 7.508302699 1
221000 27756 7.56218386136 1
222000 27983 7.60110686732 1
223000 28155 7.62493574097 1
224000 28332 7.65000651296 1
225000 28454 7.66015553104 1
226000 28659 7.69255665646 1
227000 28969 7.7529013338 1
228000 29250 7.80518726838 1
229000 29520 7.85427469929 1
230000 29727 7.88639665321 1
231000 29852 7.89667460084 1
232000 30054 7.92723615478 1
233000 30220 7.94818671286 1
234000 30438 7.98268764015 1
235000 30608 8.00447197733 1
236000 30740 8.01625561601 1
237000 30842 8.02020346453 1
238000 31077 8.05864931995 1
239000 31223 8.07389745319 1
240000 31390 8.09450727037 1
241000 31645 8.13766359758 1
242000 31762 8.1452232509 1
243000 32058 8.19854981988 1
244000 32249 8.22483583054 1
245000 32398 8.24032655804 1
246000 32479 8.23851492456 1
247000 32485 8.21777040249 1
248000 32549 8.21180029701 1
249000 32596 8.20161435469 1
250000 32616 8.1847366959 1
251000 32616 8.1629723646 1
252000 32617 8.14160171365 1
253000 32638 8.12535136845 1
254000 32835 8.15291532144 1
255000 32884 8.14371073646 1
256000 32896 8.12544277622 1
257000 32905 8.10655814145 1
258000 32910 8.08681556675 1
259000 32910 8.06597626383 1
260000 32911 8.04551512146 1
261000 32911 8.02494122187 1
262000 32911 8.00449830906 1
263000 32911 7.98418505389 1
264000 32911 7.9640001457 1
265000 32911 7.94394229197 1
266000 32962 7.93628953257 1
267000 33204 7.97457218997 1
268000 33337 7.98657560794 1
269000 33552 8.01814013699 1
270000 33710 8.03598508152 1
271000 33752 8.02618184996 1
272000 33760 8.00838565372 1
273000 33760 7.9888074254 1
274000 33760 7.96934838243 1
275000 33760 7.95000736821 1
276000 33760 7.93078324155 1
277000 33760 7.91167487634 1
278000 33760 7.89268116137 1
279000 33760 7.87380100002 1
280000 33760 7.85503331004 1
281000 33785 7.84218002764 1
282000 33812 7.82987276862 1
283000 33891 7.82965869448 1
284000 33903 7.81402500844 1
285000 34034 7.82584916174 1
286000 34364 7.8832911465 1
287000 34531 7.90318103668 1
288000 34714 7.92665342006 1
289000 34816 7.93158554405 1
290000 34869 7.92537878315 1
291000 35027 7.94303211925 1
292000 35132 7.94863422129 1
293000 35343 7.97815937918 1
294000 35503 7.99608464931 1
295000 35688 8.01956710147 1
296000 35917 8.05282911771 1
297000 36014 8.05643316384 1
298000 36051 8.04664918931 1
299000 36252 8.07345239315 1
300000 36461 8.10193395857 1
301000 36565 8.10702897472 1
302000 36750 8.13004056401 1
303000 36798 8.12272933339 1
304000 36815 8.10864196248 1
305000 36860 8.10078933054 1
306000 37019 8.11798961576 1
307000 37106 8.11937955576 1
308000 37222 8.12711447129 1
309000 37293 8.12503078952 1
310000 37296 8.10819166879 1
311000 37296 8.09079275125 1
312000 37306 8.07565155076 1
313000 37306 8.05843324731 1
314000 37306 8.04130640297 1
315000 37312 8.02556080271 1
316000 37335 8.01354853371 1
317000 37366 8.00331815261 1
318000 37369 7.98716373005 1
319000 37372 7.9710944396 1
320000 37372 7.95447103274 1
321000 37420 7.94812935419 1
322000 37542 7.95751633751 1
323000 37823 8.00051401512 1
324000 38151 8.05327267727 1
325000 38287 8.06538561857 1
326000 38504 8.09449407346 1
327000 38644 8.10734627003 1
328000 38871 8.13837804203 1
329000 39113 8.17243479249 1
330000 39145 8.16258091635 1
331000 39343 8.18732821886 1
332000 39605 8.22528426008 1
333000 39879 8.26559183953 1
334000 40000 8.27410633532 1
335000 40187 8.29622841266 1
336000 40498 8.34382675269 1
337000 40768 8.38282234641 1
338000 40902 8.39377078239 1
339000 41061 8.40981269617 1
340000 41279 8.43786805878 1
341000 41436 8.45338509197 1
342000 41543 8.45867702756 1
343000 41594 8.452584273 1
344000 41633 8.44409722877 1
345000 41710 8.44335118766 1
346000 41864 8.45818079132 1
347000 42044 8.47821191625 1
348000 42103 8.47382881629 1
349000 42105 8.45802787105 1
350000 42115 8.44390657308 1
351000 42208 8.44646384064 1
352000 42240 8.43684271884 1
353000 42333 8.43943394027 1
354000 42414 8.43964261281 1
355000 42463 8.43350996097 1
356000 42465 8.4180980476 1
357000 42465 8.40236277207 1
358000 42465 8.3867008008 1
359000 42465 8.37111158896 1
360000 42465 8.35559459728 1
361000 42465 8.34014929196 1
362000 42465 8.32477514461 1
363000 42465 8.30947163219 1
364000 42473 8.2958007921 1
365000 42474 8.28082910702 1
366000 42474 8.26573121433 1
367000 42474 8.25070193097 1
368000 42474 8.23574075948 1
369000 42474 8.22084720736 1
370000 42474 8.20602078698 1
371000 42498 8.19588950035 1
372000 42498 8.18118759713 1
373000 42507 8.16828089734 1
374000 42513 8.15485783075 1
375000 42567 8.15068647504 1
376000 42605 8.14348455594 1
377000 42605 8.1290704819 1
378000 42605 8.11472000273 1
379000 42621 8.1034747297 1
380000 42787 8.12075069862 1
381000 42843 8.11713773084 1
382000 42967 8.12641072762 1
383000 43161 8.14887988057 1
384000 43382 8.17637201969 1
385000 43566 8.19681966705 1
386000 43825 8.23129549232 1
387000 43989 8.24785230932 1
388000 44037 8.24265199353 1
389000 44037 8.22851264966 1
390000 44109 8.22786427515 1
391000 44278 8.24529310738 1
392000 44523 8.27680289751 1
393000 44678 8.2915150371 1
394000 44799 8.29989006175 1
395000 44925 8.30917341645 1
396000 44927 8.29554131347 1
397000 44929 8.28196678552 1
398000 44929 8.26808139512 1
399000 44929 8.25425404136 1
400000 44929 8.24048433712 1
401000 44929 8.22677189882 1
402000 45025 8.23066534968 1
403000 45088 8.22853471402 1
404000 45123 8.22132081 1
405000 45259 8.23251353646 1
406000 45529 8.26801483439 1
407000 45880 8.31809619117 1
408000 46007 8.3274797668 1
409000 46165 8.34244579396 1
410000 46358 8.36368867863 1
411000 46556 8.38577420297 1
412000 46592 8.37866661316 1
413000 46615 8.36925892491 1
414000 46615 8.3557696902 1
415000 46615 8.34233466173 1
416000 46634 8.33234832433 1
417000 46640 8.32008557306 1
418000 46840 8.34242491361 1
419000 47036 8.36399237796 1
420000 47217 8.38283877182 1
421000 47242 8.37398381871 1
422000 47242 8.36074293419 1
423000 47285 8.35515225369 1
424000 47285 8.34200348657 1
425000 47285 8.32890631379 1
426000 47285 8.31586041221 1
427000 47285 8.30286546148 1
428000 47285 8.28992114397 1
429000 47285 8.2770271448 1
430000 47285 8.26418315174 1
431000 47285 8.25138885525 1
432000 47285 8.2386439484 1
433000 47285 8.22594812686 1
434000 47285 8.21330108889 1
435000 47285 8.20070253526 1
436000 47285 8.1881521693 1
437000 47285 8.1756496968 1
438000 47285 8.16319482602 1
439000 47285 8.15078726767 1
440000 47285 8.13842673486 1
441000 47285 8.12611294308 1
442000 47285 8.11384561021 1
443000 47285 8.10162445644 1
444000 47285 8.08944920427 1
445000 47285 8.07731957851 1
446000 47391 8.08331535152 1
447000 47391 8.07124917343 1
448000 47410 8.06245901578 1
449000 47756 8.10923029318 1
450000 48003 8.13908592231 1
451000 48230 8.16547603428 1
452000 48446 8.18993752427 1
453000 48594 8.20285715156 1
454000 48733 8.21423065196 1
455000 48910 8.23197534915 1
456000 49021 8.2385848007 1
457000 49021 8.22655604782 1
458000 49021 8.21457109238 1
459000 49021 8.20262967981 1
460000 49195 8.21980455263 1
461000 49314 8.22776186724 1
462000 49338 8.21987745467 1
463000 49341 8.20853068754 1
464000 49346 8.19755730668 1
465000 49477 8.20752546881 1
466000 49799 8.24911229084 1
467000 49972 8.26594234912 1
468000 50122 8.27893376685 1
469000 50150 8.27177382998 1
470000 50409 8.30268977099 1
471000 50567 8.31691463415 1
472000 50646 8.31813256855 1
473000 50653 8.30754670058 1
474000 50707 8.30469645276 1
475000 50711 8.29368501126 1
476000 50712 8.28222264789 1
477000 50741 8.27536700033 1
478000 50741 8.26381554797 1
479000 50741 8.25230431059 1
480000 50741 8.24083306467 1
481000 50741 8.22940158838 1
482000 50752 8.21979122101 1
483000 50974 8.24434160295 1
484000 51064 8.24751236263 1
485000 51067 8.2366498832 1
486000 51067 8.22534179813 1
487000 51107 8.22050639116 1
488000 51144 8.21521001236 1
489000 51360 8.23864910409 1
490000 51549 8.25770681485 1
491000 51623 8.25832336326 1
492000 51749 8.26725318916 1
493000 51753 8.2567024632 1
494000 51754 8.24570980772 1
495000 51754 8.23459518132 1
496000 51754 8.22351792249 1
497000 51754 8.21247783062 1
498000 51754 8.20147470661 1
499000 51754 8.19050835281 1
500000 51754 8.17957857303 1
501000 51754 8.1686851725 1
502000 51754 8.15782795788 1
503000 51781 8.15125702094 1
504000 51912 8.16106042369 1
505000 52027 8.1683330105 1
506000 52346 8.20757965174 1
507000 52465 8.21541238385 1
508000 52576 8.22198056112 1
509000 52738 8.23650364698 1
510000 52812 8.23727010805 1
511000 52814 8.22682616639 1
512000 52821 8.21719427652 1
513000 52886 8.21660554234 1
514000 52887 8.20609484381 1
515000 52904 8.19809766703 1
516000 52904 8.18749709128 1
517000 52951 8.18419510533 1
518000 52996 8.18059969537 1
519000 53221 8.2047698414 1
520000 53467 8.23211799181 1
521000 53621 8.24525606425 1
522000 53848 8.26957807914 1
523000 54016 8.28479552429 1
524000 54108 8.28833913672 1
525000 54141 8.28285421869 1
526000 54317 8.29923923737 1
527000 54434 8.30658605421 1
528000 54668 8.33175247973 1
529000 55013 8.37375780392 1
530000 55331 8.41155936422 1
531000 55561 8.43591136679 1
532000 55814 8.46369665034 1
533000 55989 8.47960578285 1
534000 56149 8.49321283813 1
535000 56319 8.50830328492 1
536000 56437 8.515516707 1
537000 56706 8.54547415416 1
538000 56811 8.55068004508 1
539000 57058 8.57722570195 1
540000 57222 8.59125075763 1
541000 57328 8.59655042546 1
542000 57503 8.61217763117 1
543000 57722 8.63435467225 1
544000 57786 8.63332653042 1
545000 57786 8.62275737545 1
546000 57786 8.61222049916 1
547000 57805 8.60454398279 1
548000 57814 8.59540581008 1
549000 58066 8.62237994299 1
550000 58188 8.63001431839 1
551000 58318 8.63882159249 1
552000 58466 8.65027705344 1
553000 58504 8.64545586044 1
554000 58514 8.63651982541 1
555000 58550 8.63144444613 1
556000 58551 8.6212339575 1
557000 58551 8.61090705744 1
558000 58653 8.6155938929 1
559000 58663 8.60677783947 1
560000 58665 8.59681658356 1
561000 58721 8.59478890266 1
562000 58920 8.6136776614 1
563000 59033 8.61997000964 1
564000 59101 8.61969039429 1
565000 59243 8.63019736783 1
566000 59243 8.62002415879 1
567000 59243 8.60988086814 1
568000 59439 8.62821889227 1
569000 59589 8.63985025974 1
570000 59624 8.63480589782 1
571000 59669 8.63122574137 1
572000 59690 8.62419221959 1
573000 59691 8.61429463386 1
574000 59691 8.60428173756 1
575000 59691 8.59429787837 1
576000 59691 8.5843429218 1
577000 59691 8.57441673422 1
578000 59691 8.56451918284 1
579000 59691 8.55465013572 1
580000 59691 8.54480946176 1
581000 59691 8.53499703067 1
582000 59717 8.52892609576 1
583000 59717 8.51916551322 1
584000 59717 8.50943279976 1
585000 59717 8.49972782826 1
586000 59717 8.49005047245 1
587000 59717 8.48040060681 1
588000 59717 8.47077810663 1
589000 59717 8.46118284795 1
590000 59717 8.4516147076 1
591000 59717 8.44207356317 1
592000 59717 8.43255929301 1
593000 59717 8.42307177621 1
594000 59717 8.41361089263 1
595000 59730 8.40600605706 1
596000 59746 8.39884524808 1
597000 59755 8.39072276342 1
598000 59790 8.38627044582 1
599000 59795 8.37763007635 1
600000 59795 8.36831435794 1
601000 59795 8.3590244858 1
602000 59795 8.3497603454 1
603000 59795 8.34052182289 1
604000 59795 8.33130880512 1
605000 59795 8.32212117964 1
606000 59795 8.31295883466 1
607000 59795 8.30382165908 1
608000 59795 8.29470954245 1
609000 59795 8.28562237502 1
610000 59795 8.27656004766 1
611000 59795 8.26752245192 1
612000 59795 8.25850948 1
613000 59799 8.2500728783 1
614000 59803 8.24165948742 1
615000 59837 8.23739912555 1
616000 59905 8.2378283326 1
617000 60172 8.26559729609 1
618000 60371 8.28398028769 1
619000 60471 8.28875852576 1
620000 60532 8.28819130049 1
621000 60603 8.28899783195 1
622000 60694 8.2925399749 1
623000 60699 8.28434180325 1
624000 60699 8.27548422083 1
625000 60700 8.26678646054 1
626000 60712 8.25960844353 1
627000 60726 8.25272218495 1
628000 60728 8.24422614058 1
629000 60893 8.25785761513 1
630000 61143 8.28297970441 1
631000 61458 8.31684945852 1
632000 61599 8.32713049671 1
633000 61866 8.35440957341 1
634000 62009 8.3649084594 1
635000 62199 8.38172345373 1
636000 62341 8.39204624286 1
637000 62396 8.39065274987 1
638000 62396 8.38187841296 1
639000 62618 8.40291789129 1
640000 62881 8.42941424968 1
641000 63073 8.44635211571 1
642000 63236 8.45937986205 1
643000 63420 8.47519147511 1
644000 63735 8.50846303911 1
645000 64039 8.54020335318 1
646000 64195 8.55216583514 1
647000 64426 8.5740895099 1
648000 64695 8.60102456993 1
649000 64879 8.61661987994 1
650000 65146 8.64319967283 1
651000 65259 8.64931860864 1
652000 65508 8.67343631475 1
653000 65682 8.68758919618 1
654000 65877 8.70449249755 1
655000 66046 8.71793392539 1
656000 66219 8.73187996914 1
657000 66379 8.74408969726 1
658000 66667 8.77312346705 1
659000 66851 8.78843078219 1
660000 66954 8.79307389648 1
661000 67155 8.81056947155 1
662000 67214 8.80942297541 1
663000 67250 8.80527177916 1
664000 67250 8.79642450511 1
665000 67254 8.78812209717 1
666000 67254 8.7793185779 1
667000 67320 8.77914407031 1
668000 67582 8.80450895538 1
669000 67774 8.82071718644 1
670000 68008 8.84235831738 1
671000 68211 8.8599341801 1
672000 68396 8.87514380099 1
673000 68549 8.88617937926 1
674000 68581 8.88152745013 1
675000 68592 8.87417215716 1
676000 68592 8.86541397423 1
677000 68813 8.88521313452 1
678000 68886 8.88588649692 1
679000 68888 8.87741324397 1
680000 68888 8.86870341248 1
681000 68888 8.86001490675 1
682000 68977 8.86278316102 1
683000 69103 8.87029968171 1
684000 69181 8.87165031921 1
685000 69181 8.86300969146 1
686000 69181 8.85439006578 1
687000 69185 8.84630281848 1
688000 69185 8.83772445678 1
689000 69185 8.82916685499 1
690000 69185 8.82062993287 1
691000 69185 8.81211361058 1
692000 69185 8.80361780871 1
693000 69185 8.79514244826 1
694000 69185 8.78668745066 1
695000 69185 8.77825273775 1
696000 69185 8.76983823178 1
697000 69185 8.76144385543 1
698000 69185 8.75306953174 1
699000 69185 8.7447151842 1
700000 69186 8.73650701233 1
701000 69297 8.74219552596 1
702000 69358 8.74157539361 1
703000 69470 8.74738208894 1
704000 69852 8.78714679604 1
705000 70095 8.80937097346 1
706000 70294 8.82603248251 1
707000 70560 8.85107097167 1
708000 70696 8.85977431215 1
709000 70883 8.87485060661 1
710000 71080 8.89115334471 1
711000 71365 8.91842668388 1
712000 71548 8.93291790075 1
713000 71731 8.94738590253 1
714000 71918 8.96232924086 1
715000 72024 8.96716388921 1
716000 72127 8.97162025881 1
717000 72354 8.99148178277 1
718000 72471 8.99765319467 1
719000 72596 9.00480934426 1
720000 72818 9.0239768275 1
721000 72908 9.02676971856 1
722000 73121 9.0447759094 1
723000 73194 9.04545125065 1
724000 73194 9.03711602367 1
725000 73201 9.02966344698 1
726000 73312 9.03504544833 1
727000 73333 9.02933986049 1
728000 73333 9.02106520672 1
729000 73416 9.02301038688 1
730000 73443 9.01807952811 1
731000 73447 9.01033983029 1
732000 73447 9.00212772031 1
733000 73469 8.99662829527 1
734000 73585 9.00264286982 1
735000 73622 8.99899387157 1
736000 73861 9.02002375055 1
737000 74005 9.02942819219 1
738000 74096 9.03235857556 1
739000 74295 9.04844074355 1
740000 74357 9.04782729941 1
741000 74428 9.04831276889 1
742000 74428 9.04017721674 1
743000 74434 9.03278803958 1
744000 74605 9.04542103567 1
745000 74778 9.05827729843 1
746000 74918 9.06712028343 1
747000 75007 9.06978420736 1
748000 75163 9.08054134373 1
749000 75329 9.09248995136 1
750000 75422 9.09561736062 1
751000 75534 9.10103209556 1
752000 75542 9.09392104075 1
753000 75542 9.08586395265 1
754000 75544 9.07806502019 1
755000 75590 9.07556619153 1
756000 75602 9.06899676587 1
757000 75604 9.06124392954 1
758000 75605 9.05338850651 1
759000 75605 9.04543075211 1
760000 75605 9.03749045625 1
761000 75608 9.0299258502 1
762000 75608 9.02201997441 1
763000 75613 9.01472748476 1
764000 75613 9.00685558112 1
765000 75613 8.99900083476 1
766000 75613 8.99116318594 1
767000 75613 8.98334257518 1
768000 75613 8.97553894332 1
769000 75613 8.96775223144 1
770000 75632 8.96223384121 1
771000 75632 8.95447884556 1
772000 75632 8.94674059909 1
773000 75632 8.93901904401 1
774000 75632 8.93131412278 1
775000 75632 8.92362577815 1
776000 75632 8.91595395313 1
777000 75632 8.90829859102 1
778000 75632 8.90065963537 1
779000 75632 8.89303702998 1
780000 75632 8.88543071896 1
781000 75632 8.87784064663 1
782000 75632 8.87026675761 1
783000 75632 8.86270899677 1
784000 75632 8.85516730922 1
785000 75632 8.84764164035 1
786000 75632 8.84013193579 1
787000 75632 8.83263814144 1
788000 75632 8.82516020342 1
789000 75632 8.81769806814 1
790000 75632 8.81025168222 1
791000 75632 8.80282099257 1
792000 75633 8.79552223843 1
793000 75633 8.7881226851 1
794000 75633 8.78073867037 1
795000 75633 8.77337014209 1
796000 75662 8.76937820678 1
797000 75949 8.79527371659 1
798000 76081 8.8031942239 1
799000 76286 8.81954421422 1
800000 76405 8.82593569185 1
801000 76405 8.81858472622 1
802000 76450 8.81643857534 1
803000 76455 8.80968994817 1
804000 76466 8.80364634415 1
805000 76677 8.82062300176 1
806000 76839 8.83194246743 1
807000 77013 8.84462438139 1
808000 77278 8.86773070745 1
809000 77546 8.89114590029 1
810000 77790 8.91177604195 1
811000 77981 8.92630845997 1
812000 78230 8.94745367938 1
813000 78502 8.97119563655 1
814000 78635 8.97902980298 1
815000 78812 8.99187422754 1
816000 79166 9.02487854814 1
817000 79343 9.03767054343 1
818000 79588 9.05818398769 1
819000 79773 9.07184376631 1
820000 80004 9.09071121291 1
821000 80133 9.09797033146 1
822000 80327 9.11259450262 1
823000 80454 9.11960338428 1
824000 80810 9.1525404421 1
825000 81020 9.16890462385 1
826000 81171 9.17857381282 1
827000 81360 9.19252384416 1
828000 81502 9.20114832085 1
829000 81611 9.20603936344 1
830000 81726 9.21160179419 1
831000 81808 9.21344170893 1
832000 81877 9.2138187117 1
833000 81926 9.2119492182 1
834000 82129 9.22738792776 1
835000 82234 9.2318031713 1
836000 82240 9.22510917625 1
837000 82242 9.21798044923 1
838000 82242 9.21064200625 1
839000 82242 9.20331814684 1
840000 82242 9.19600882469 1
841000 82339 9.19955158588 1
842000 82474 9.20733390942 1
843000 82486 9.20138603683 1
844000 82716 9.21974931279 1
845000 83009 9.24510306631 1
846000 83205 9.25962487167 1
847000 83323 9.26545312829 1
848000 83396 9.26627505063 1
849000 83396 9.25899375711 1
850000 83438 9.25638611274 1
851000 83477 9.25345285001 1
852000 83477 9.24620723987 1
853000 83477 9.23897579244 1
854000 83477 9.23175846348 1
855000 83477 9.22455520895 1
856000 83477 9.21736598498 1
857000 83477 9.2101907479 1
858000 83477 9.20302945423 1
859000 83478 9.19599222133 1
860000 83483 9.18940897537 1
861000 83574 9.19229782411 1
862000 83602 9.18826095017 1
863000 83659 9.18741783847 1
864000 83751 9.19041949331 1
865000 83893 9.19890177008 1
866000 84014 9.20507281946 1
867000 84297 9.22897311865 1
868000 84577 9.25251120461 1
869000 84779 9.26748941584 1
870000 84921 9.27589359462 1
871000 85131 9.29170954591 1
872000 85244 9.29692494688 1
873000 85335 9.29973754717 1
874000 85499 9.31049796814 1
875000 85733 9.32886159024 1
876000 85940 9.34426422877 1
877000 86181 9.36334014311 1
878000 86293 9.36838490204 1
879000 86482 9.3817778466 1
880000 86675 9.39558677669 1
881000 86825 9.40471980363 1
882000 86834 9.3985803999 1
883000 86922 9.40099715422 1
884000 86943 9.39617205969 1
885000 86944 9.38919708327 1
886000 86948 9.38255900327 1
887000 86948 9.37550224772 1
888000 86948 9.36845874196 1
889000 86948 9.36142844625 1
890000 86948 9.35441132098 1
891000 86948 9.34740732672 1
892000 86948 9.34041642422 1
893000 86975 9.33633689107 1
894000 86998 9.33183698618 1
895000 87160 9.34224509814 1
896000 87412 9.36227976486 1
897000 87556 9.370728455 1
898000 87579 9.36622670451 1
899000 87579 9.35927628091 1
900000 87648 9.35970706799 1
901000 87648 9.35277690279 1
902000 87648 9.3458595477 1
903000 87648 9.33895496488 1
904000 87648 9.33206311664 1
905000 87648 9.32518396545 1
906000 87648 9.31831747392 1
907000 87648 9.31146360482 1
908000 87648 9.30462232107 1
909000 87648 9.29779358573 1
910000 87648 9.29097736203 1
911000 87648 9.28417361333 1
912000 87648 9.27738230313 1
913000 87648 9.2706033951 1
914000 87648 9.26383685305 1
915000 87648 9.25708264092 1
916000 87648 9.25034072281 1
917000 87648 9.24361106295 1
918000 87648 9.23689362573 1
919000 87648 9.23018837566 1
920000 87648 9.22349527742 1
921000 87648 9.2168142958 1
922000 87648 9.21014539575 1
923000 87648 9.20348854236 1
924000 87648 9.19684370085 1
925000 87648 9.19021083658 1
926000 87754 9.19469639244 1
927000 87756 9.18828879182 1
928000 87756 9.18168352379 1
929000 87756 9.1750901104 1
930000 87889 9.18240399638 1
931000 88138 9.20182043583 1
932000 88350 9.21735130583 1
933000 88437 9.21983068067 1
934000 88511 9.2209545417 1
935000 88649 9.22874181978 1
936000 88932 9.25160470267 1
937000 89171 9.2698633027 1
938000 89411 9.28820215212 1
939000 89580 9.2991468933 1
940000 89875 9.32314899976 1
941000 90020 9.331570248 1
942000 90228 9.34650792838 1
943000 90440 9.36184086529 1
944000 90700 9.38211964281 1
945000 90908 9.39699697392 1
946000 91159 9.41629735236 1
947000 91427 9.43732765226 1
948000 91582 9.44667474473 1
949000 91759 9.45827872922 1
950000 91906 9.46677859423 1
951000 92116 9.48175362376 1
952000 92255 9.48940688468 1
953000 92435 9.50126608629 1
954000 92599 9.51146755325 1
955000 92768 9.5221703098 1
956000 92944 9.53357845744 1
957000 93022 9.5349278305 1
958000 93183 9.5447793645 1
959000 93369 9.55717847893 1
960000 93397 9.5534011454 1
961000 93455 9.5526978706 1
962000 93547 9.55547083812 1
963000 93726 9.56712281823 1
964000 93742 9.56213417558 1
965000 93742 9.55552376682 1
966000 93742 9.54892476744 1
967000 93757 9.5438640502 1
968000 93759 9.53749016989 1
969000 93759 9.53092401972 1
970000 93759 9.52436915578 1
971000 93759 9.51782554708 1
972000 93759 9.51129316272 1
973000 93788 9.50771183251 1
974000 93788 9.50119979108 1
975000 93788 9.49469888547 1
976000 93788 9.48820908525 1
977000 93788 9.48173036009 1
978000 93796 9.47607090795 1
979000 94010 9.49121906217 1
980000 94119 9.49575523769 1
981000 94354 9.51299105207 1
982000 94627 9.53403428474 1
983000 94802 9.54518396895 1
984000 94943 9.55289973996 1
985000 95181 9.57036050698 1
986000 95411 9.58699598378 1
987000 95460 9.58543638315 1
988000 95501 9.58307831047 1
989000 95504 9.57691504851 1
990000 95505 9.57056184733 1
991000 95505 9.56411922599 1
992000 95523 9.55948878755 1
993000 95735 9.57426828483 1
994000 95763 9.57064096911 1
995000 95764 9.56432407295 1
996000 95764 9.55791797749 1
997000 95764 9.55152259493 1
998000 95764 9.54513789661 1
999000 95764 9.53876385402 1
1000000 95764 9.53240043873 1
